171
2 28 2
2 35 4
2 93 9
2 97 30
2 190 37
2 196 39
2 197 42
2 252 43
2 286 49
2 333 51
2 369 53
2 420 57
2 423 58
2 441 62
2 12 77
2 33 75
2 47 118
2 165 82
2 300 94
2 326 67
2 482 87
2 1 112
2 14 359
2 21 160
2 256 32
2 279 36
2 299 56
2 306 69
2 315 144
2 322 203
2 330 295
2 421 46
2 454 468
2 7 34
2 17 225
2 86 353
2 154 19
2 189 0
2 212 463
2 334 193
2 352 20
2 358 60
2 414 311
2 492 162
2 11 141
2 64 371
2 72 71
2 73 123
2 120 219
2 156 231
2 158 213
2 170 177
2 182 147
2 266 108
2 301 472
2 319 329
2 337 350
2 410 298
2 443 240
2 462 52
2 484 23
2 495 175
2 38 324
2 48 486
2 111 5
3 113 65 41
3 155 166 63
3 210 439 122
3 221 18 44
3 234 264 74
3 261 405 133
3 310 117 490
3 376 452 68
3 434 263 136
3 448 159 54
3 451 360 143
3 475 218 66
3 15 419 412
3 61 8 79
3 181 356 25
3 187 433 95
3 199 277 115
3 208 236 186
3 249 149 172
3 258 273 85
3 271 31 294
3 288 385 217
3 292 99 27
3 320 3 92
3 367 201 59
3 387 6 45
3 396 24 429
3 409 139 362
3 430 455 411
3 445 89 114
3 473 498 121
3 499 302 124
3 10 163 394
3 13 105 80
3 55 180 185
3 90 91 276
3 188 235 29
3 192 242 100
3 214 328 345
3 230 364 50
3 268 424 474
3 278 283 116
3 336 442 16
3 348 384 81
3 351 397 449
3 375 497 259
3 388 400 422
3 391 407 107
3 392 437 128
3 399 467 274
3 403 444 40
3 427 76 106
3 431 26 109
3 438 138 153
3 447 78 200
3 459 104 164
3 22 148 204
3 70 129 207
3 101 119 226
3 132 195 251
4 151 237 247 332
4 152 245 254 269
4 174 267 280 282
4 198 284 304 347
4 233 285 289 341
4 244 307 372 401
4 325 339 365 373
4 361 378 395 102
4 363 377 83 126
4 379 453 84 88
4 390 460 96 98
4 425 125 127 130
4 432 131 137 142
4 446 134 135 145
4 450 140 161 168
4 461 150 157 169
4 494 167 173 178
4 103 171 176 179
4 110 183 184 191
4 146 194 202 206
4 205 209 215 216
4 211 220 222 224
4 223 228 229 238
4 227 232 239 241
4 243 246 248 250
4 253 255 257 260
4 262 265 270 272
4 275 287 290 291
4 281 293 296 297
4 303 305 308 313
4 309 314 316 317
4 312 318 321 323
4 327 331 335 338
4 340 342 343 344
4 346 349 355 357
4 354 366 368 370
4 374 380 381 383
4 382 386 389 398
4 393 402 406 408
4 404 413 415 416
4 417 418 426 435
4 428 436 440 456
4 457 458 464 465
4 466 469 470 471
4 476 477 478 479
4 480 481 483 485